           3  0.26302644747137172       0.31714108162129878     
           4  2.92279195762099597E-002  3.40415580999394937E-002
           5  1.75594560599001692E-003  2.04096378966507749E-003
           6  1.76011973417322665E-005  2.04585730038052146E-005
           7  9.62165747075971467E-009  1.11836357356769110E-008
           1  0.45638985457692693       0.47720064406038443     
           2  9.38007158808766839E-002  0.10874321466958461     
           3  2.25396121446208575E-003  2.61986406398025291E-003
           4  1.58846141617985381E-006  1.84633197686602190E-006
           5  7.92255150372511707E-013  9.20869719006943919E-013
