0.000000       2.376238    
  9.9009901E-02   2.475248    
  0.1980198       2.574258    
  0.2970297       2.673268    
  0.3960396       2.772278    
  0.4950495       2.871288    
  0.5940594       2.970298    
  0.6930693       3.069308    
  0.7920792       3.168318    
  0.8910891       3.267328    
  0.9900990       3.366338    
   1.089109       3.465348    
   1.188119       3.564358    
   1.287129       3.663368    
   1.386138       3.762378    
   1.485148       3.861387    
   1.584158       3.960397    
   1.683168       4.059407    
   1.782178       4.158417    
   1.881188       4.257420.000000       2.376238    
  9.9009901E-02   2.475248    
  0.1980198       2.574258    
  0.2970297       2.673268    
  0.3960396       2.772278    
  0.4950495       2.871288    
  0.5940594       2.970298    
  0.6930693       3.069308    
  0.7920792       3.168318    
  0.8910891       3.267328    
  0.9900990       3.366338    
   1.089109       3.465348    
   1.188119       3.564358    
   1.287129       3.663368    
   1.386138       3.762378    
   1.485148       3.861387    
   1.584158       3.960397    
   1.683168       4.059407    
   1.782178       4.158417    
   1.881188       4.257427    
 ------------------------------------ > DONE
   4.752477       2.277228    
   4.851487       2.376238    
   4.950497       2.475248    
   5.049507       2.574258    
   5.148517       2.673268    
   5.247527       2.772278    
   5.346537       2.871288    
   5.445547       2.970298    
   5.544557       3.069308    
   5.643567       3.168318    
   5.742577       3.267328    
   5.841587       3.366338    
   5.940597       3.465348    
   6.039607       3.564358    
   6.138617       3.663368    
   6.237627       3.762378    
   6.336637       3.861387    
   6.435647       3.960397    
   6.534657       4.059407    
   6.633667       4.158417    
   6.732677       4.257427    
   6.831687       4.356437    
   6.930697       4.455447    
   7.029707       4.554457    
   7.128717       4.653467    
   7.227727       4.752477    
   7.326737       4.851487    
   7.425747       4.950497    
   7.524757       5.049507    
   7.623767       5.148517    
   7.722777       5.247527    
   7.821787       5.346537    
   7.920797       5.445547    
   8.019807       5.544557    
   8.118816       5.643567    
   8.217826       5.742577    
   8.316835       5.841587    
   8.415845       5.940597    
   8.514854       6.039607    
   8.613864       6.138617    
   8.712873       6.237627    
   8.811883       6.336637    
   8.910892       6.435647    
   9.009902       6.534657    
   9.108912       6.633667    
   9.207921       6.732677    
   9.306931       6.831687    
   9.405940       6.930697    
   9.504950       7.029707    
   9.603959       7.128717    
   9.702969       7.227727    
   9.801978       7.326737    
   9.900988       7.425747    
   0.000000       7.524757    
   0.000000       7.623767    
   0.000000       7.722777    
   0.000000       7.821787    
   0.000000       7.920797    
   0.000000       8.019807    
   0.000000       8.118816    
   0.000000       8.217826    
   0.000000       8.316835    
   0.000000       8.415845    
   0.000000       8.514854    
   0.000000       8.613864    
   0.000000       8.712873    
   0.000000       8.811883    
   0.000000       8.910892    
   0.000000       9.009902    
   0.000000       9.108912    
   0.000000       9.207921    
   0.000000       9.306931    
   0.000000       9.405940    
   0.000000       9.504950    
   0.000000       9.603959    
   0.000000       9.702969    
   0.000000       9.801978    
   0.000000       9.900988    
   0.000000       0.000000    
   0.000000       0.000000    
   0.000000       0.000000    
   0.000000       0.000000    
   0.000000       0.000000    
   0.000000       0.000000    
   0.000000       0.000000    
   0.000000       0.000000    
   0.000000       0.000000    
   0.000000       0.000000    
   0.000000       0.000000    
   0.000000       0.000000    
   0.000000       0.000000    
   0.000000       0.000000    
   0.000000       0.000000    
   0.000000       0.000000    
   0.000000       0.000000    
   0.000000       0.000000    
   0.000000       0.000000    
   0.000000       0.000000    
   0.000000       0.000000    
   0.000000       0.0000007    
 ------------------------------------ > DONE
   4.752477       2.277228    
   4.851487       2.376238    
   4.950497       2.475248    
   5.049507       2.574258    
   5.148517       2.673268    
   5.247527       2.772278    
   5.346537       2.871288    
   5.445547       2.970298    
   5.544557       3.069308    
   5.643567       3.168318    
   5.742577       3.267328    
   5.841587       3.366338    
   5.940597       3.465348    
   6.039607       3.564358    
   6.138617       3.663368    
   6.237627       3.762378    
   6.336637       3.861387    
   6.435647       3.960397    
   6.534657       4.059407    
   6.633667       4.158417    
   6.732677       4.257427    
   6.831687       4.356437    
   6.930697       4.455447    
   7.029707       4.554457    
   7.128717       4.653467    
   7.227727       4.752477    
   7.326737       4.851487    
   7.425747       4.950497    
   7.524757       5.049507    
   7.623767       5.148517    
   7.722777       5.247527    
   7.821787       5.346537    
   7.920797       5.445547    
   8.019807       5.544557    
   8.118816       5.643567    
   8.217826       5.742577    
   8.316835       5.841587    
   8.415845       5.940597    
   8.514854       6.039607    
   8.613864       6.138617    
   8.712873       6.237627    
   8.811883       6.336637    
   8.910892       6.435647    
   9.009902       6.534657    
   9.108912       6.633667    
   9.207921       6.732677    
   9.306931       6.831687    
   9.405940       6.930697    
   9.504950       7.029707    
   9.603959       7.128717    
   9.702969       7.227727    
   9.801978       7.326737    
   9.900988       7.425747    
   0.000000       7.524757    
   0.000000       7.623767    
   0.000000       7.722777    
   0.000000       7.821787    
   0.000000       7.920797    
   0.000000       8.019807    
   0.000000       8.118816    
   0.000000       8.217826    
   0.000000       8.316835    
   0.000000       8.415845    
   0.000000       8.514854    
   0.000000       8.613864    
   0.000000       8.712873    
   0.000000       8.811883    
   0.000000       8.910892    
   0.000000       9.009902    
   0.000000       9.108912    
   0.000000       9.207921    
   0.000000       9.306931    
   0.000000       9.405940    
   0.000000       9.504950    
   0.000000       9.603959    
   0.000000       9.702969    
   0.000000       9.801978    
   0.000000       9.900988    
   0.000000       0.000000    
   0.000000       0.000000    
   0.000000       0.000000    
   0.000000       0.000000    
   0.000000       0.000000    
   0.000000       0.000000    
   0.000000       0.000000    
   0.000000       0.000000    
   0.000000       0.000000    
   0.000000       0.000000    
   0.000000       0.000000    
   0.000000       0.000000    
   0.000000       0.000000    
   0.000000       0.000000    
   0.000000       0.000000    
   0.000000       0.000000    
   0.000000       0.000000    
   0.000000       0.000000    
   0.000000       0.000000    
   0.000000       0.000000    
   0.000000       0.000000    
   0.000000       0.000000
