  1.72891034655951181E-002          10  0.58235287666320801     
  2.58431199082782836E-002          11  0.58235287666320801     
  3.60125042566590697E-002          12  0.58235287666320801     
  4.75712589722520965E-002          13  0.58235287666320801     
  6.02783985781015982E-002          14  0.58235287666320801     
  7.39008552879707320E-002          15  0.58235287666320801     
  8.82258744048962373E-002          16  0.58235287666320801     
  0.10306640447978571               17  0.58235287666320801     
  0.11826222117137863               18  0.58235287666320801     
  0.13367867635189384               19  0.58235287666320801     
  0.14920428198479907               20  0.58235287666320801     
  0.16474785648729617               21  0.58235287666320801     
  0.18023564501305320               22  0.58235287666320801     
  0.19560862773717275               23  0.58235287666320801     
  0.21082011223055330               24  0.58235287666320801     
  0.22583363855651836               25  0.58235287666320801     
  0.24062118935609378               26  0.58235287666320801     
  0.25516167936191947               27  0.58235287666320801     
  0.26943969164876874               28  0.58235287666320801     
  0.28344442670449971               29  0.58235287666320801     
  0.29716883223496615               30  0.58235287666320801     
  0.31060888484088317               31  0.58235287666320801     
  0.32376299839056305               32  0.58235287666320801     
  0.33663153755978320               33  0.58235287666320801     
  0.34921641837243184               34  0.58235287666320801     
  0.36152078055133557               35  0.58235287666320801     
  0.37354871905569426               36  0.58235287666320801     
  0.38530506435897105               37  0.58235287666320801     
  0.39679520284705500               38  0.58235287666320801     
  0.40802493023580233               39  0.58235287666320801     
  0.41900033216443910               40  0.58235287666320801     
  0.42972768715815329               41  0.58235287666320801     
  0.44021338800619181               42  0.58235287666320801     
  0.45046387830253648               43  0.58235287666320801     
  0.46048560147148798               44  0.58235287666320801     
  0.47028496007265835               45  0.58235287666320801     
  0.47986828356747174               46  0.58235287666320801     
  0.48924180304762938               47  0.58235287666320801     
  0.49841163168765251               48  0.58235287666320801     
  0.50738374989884993               49  0.58235287666320801     
  0.51616399433929494               50  0.58235287666320801     
  0.52475805008047383               51  0.58235287666320801     
  0.53317144535181415               52  0.58235287666320801     
  0.54140954838387501               53  0.58235287666320801     
  0.54947756595331931               54  0.58235287666320801     
  0.55738054330097053               55  0.58235287666320801     
  0.56512336515072503               56  0.58235287666320801     
  0.57271075760396739               57  0.58235287666320801     
  0.58014729072302540               58  0.58235287666320801     
  0.58743738164953341               59  0.58235287666320801     
  0.59458529813044159               60  0.58235287666320801     
  0.60159516234678878               61  0.58235287666320801     
  0.60847095495895098               62  0.58235287666320801     
  0.61521651929759225               63  0.58235287666320801     
  0.62183556564246401               64  0.58235287666320801     
  0.62833167554193492               65  0.58235287666320801     
  0.63470830613510609               66  0.58235287666320801     
  0.64096879444582622               67  0.58235287666320801     
  0.64711636162410902               68  0.58235287666320801     
  0.65315411711564531               69  0.58235287666320801     
  0.65908506274435363               70  0.58235287666320801     
  0.66491209669649121               71  0.58235287666320801     
  0.67063801739778095               72  0.58235287666320801     
  0.67626552727743627               73  0.58235287666320801     
  0.68179723641495749               74  0.58235287666320801     
  0.68723566606724751               75  0.58235287666320801     
  0.69258325207487537               76  0.58235287666320801     
  0.69784234814746704               77  0.58235287666320801     
  0.70301522902904068               78  0.58235287666320801     
  0.70810409354480830               79  0.58235287666320801     
  0.71311106753154774               80  0.58235287666320801     
  0.71803820665403484               81  0.58235287666320801     
  0.72288749911041839               82  0.58235287666320801     
  0.72766086822959708               83  0.58235287666320801     
  0.73236017496389560               84  0.58235287666320801     
  0.73698722028041075               85  0.58235287666320801     
  0.74154374745449747               86  0.58235287666320801     
  0.74603144426888446               87  0.58235287666320801     
  0.75045194512190505               88  0.58235287666320801     
  0.75480683304831142               89  0.58235287666320801     
  0.75909764165610183               90  0.58235287666320801     
  0.76332585698269972               91  0.58235287666320801     
  0.76749291927378638               92  0.58235287666320801     
  0.77160022468797140               93  0.58235287666320801     
  0.77564912693041443               94  0.58235287666320801     
  0.77964093881840468               95  0.58235287666320801     
  0.78357693378180959               96  0.58235287666320801     
  0.78745834730119757               97  0.58235287666320801     
  0.79128637828632786               98  0.58235287666320801     
  0.79506219039763593               99  0.58235287666320801     
  0.79878691331316998              100  0.58235287666320801     
  0.80246164394341779              101  0.58235287666320801     
  0.80608744759628015              102  0.58235287666320801     
  0.80966535909443149              103  0.58235287666320801     
  0.81319638384712789              104  0.58235287666320801     
  0.81668149887852581              105  0.58235287666320801     
  0.82012165381439373              106  0.58235287666320801     
  0.82351777182908281              107  0.58235287666320801     
  0.82687075055450210              108  0.58235287666320801     
  0.83018146295278694              109  0.58235287666320801     
  0.83345075815424152              110  0.58235287666320801     
  0.83667946226211121              111  0.58235287666320801     
  0.83986837912562229              112  0.58235287666320801     
  0.84301829108268556              113  0.58235287666320801     
  0.84612995967359517              114  0.58235287666320801     
  0.84920412632698750              115  0.58235287666320801     
  0.85224151301925866              116  0.58235287666320801     
  0.85524282290859988              117  0.58235287666320801     
  0.85820874094474853              118  0.58235287666320801     
  0.86113993445549453              119  0.58235287666320801     
  0.86403705371094874              120  0.58235287666320801     
  0.86690073246651367              121  0.58235287666320801     
  0.86973158848548004              122  0.58235287666320801     
  0.87253022404209313              123  0.58235287666320801     
  0.87529722640594065              124  0.58235287666320801     
  0.87803316830843170              125  0.58235287666320801     
  0.88073860839211293              126  0.58235287666320801     
  0.88341409164355822              127  0.58235287666320801     
  0.88606014981051517              128  0.58235287666320801     
  0.88867730180392246              129  0.58235287666320801     
  0.89126605408547899              130  0.58235287666320801     
  0.89382690104131979              131  0.58235287666320801     
  0.89636032534237287              132  0.58235287666320801     
  0.89886679829195126              133  0.58235287666320801     
  0.90134678016108971              134  0.58235287666320801     
  0.90380072051211224              135  0.58235287666320801     
  0.90622905851092306              136  0.58235287666320801     
  0.90863222322844839              137  0.58235287666320801     
  0.91101063393169057              138  0.58235287666320801     
  0.91336470036476214              139  0.58235287666320801     
  0.91569482302034566              140  0.58235287666320801     
  0.91800139340191700              141  0.58235287666320801     
  0.92028479427710774              142  0.58235287666320801     
  0.92254539992254503              143  0.58235287666320801     
  0.92478357636051689              144  0.58235287666320801     
  0.92699968158774237              145  0.58235287666320801     
  0.92919406579659070              146  0.58235287666320801     
  0.93136707158900134              147  0.58235287666320801     
  0.93351903418340287              148  0.58235287666320801     
  0.93565028161489294              149  0.58235287666320801     
  0.93776113492892454              150  0.58235287666320801     
  0.93985190836874866              151  0.58235287666320801     
  0.94192290955683688              152  0.58235287666320801     
  0.94397443967052641              153  0.58235287666320801     
  0.94600679361207529              154  0.58235287666320801     
  0.94802026017334984              155  0.58235287666320801     
  0.95001512219533835              156  0.58235287666320801     
  0.95199165672267305              157  0.58235287666320801     
  0.95395013515334315              158  0.58235287666320801     
  0.95589082338377596              159  0.58235287666320801     
  0.95781398194945311              160  0.58235287666320801     
  0.95971986616121030              161  0.58235287666320801     
  0.96160872623738314              162  0.58235287666320801     
  0.96348080743194553              163  0.58235287666320801     
  0.96533635015878083              164  0.58235287666320801     
  0.96717559011221566              165  0.58235287666320801     
  0.96899875838395455              166  0.58235287666320801     
  0.97080608157653214              167  0.58235287666320801     
  0.97259778191341406              168  0.58235287666320801     
  0.97437407734584880              169  0.58235287666320801     
  0.97613518165659130              170  0.58235287666320801     
  0.97788130456059974              171  0.58235287666320801     
  0.97961265180280643              172  0.58235287666320801     
  0.98132942525307554              173  0.58235287666320801     
  0.98303182299841507              174  0.58235287666320801     
  0.98472003943256425              175  0.58235287666320801     
  0.98639426534302466              176  0.58235287666320801     
  0.98805468799562057              177  0.58235287666320801     
  0.98970149121668305              178  0.58235287666320801     
  0.99133485547292211              179  0.58235287666320801     
  0.99295495794907140              180  0.58235287666320801     
  0.99456197262336465              181  0.58235287666320801     
  0.99615607034093301              182  0.58235287666320801     
  0.99773741888517908              183  0.58235287666320801     
  0.99930618304718521              184  0.58235287666320801     
   1.0008625246932386              185  0.58235287666320801     
   1.0024066028305183              186  0.58235287666320801     
   1.0039385736709983              187  0.58235287666320801     
   1.0054585906936404              188  0.58235287666320801     
   1.0069668047049170              189  0.58235287666320801     
   1.0084633638977150              190  0.58235287666320801     
   1.0099484139086858              191  0.58235287666320801     
   1.0114220978740678              192  0.58235287666320801     
   1.0128845564840445              193  0.58235287666320801     
   1.0143359280356827              194  0.58235287666320801     
   1.0157763484844808              195  0.58235287666320801     
   1.0172059514945897              196  0.58235287666320801     
   1.0186248684877235              197  0.58235287666320801     
   1.0200332286908216              198  0.58235287666320801     
   1.0214311591824816              199  0.58235287666320801     
   1.0228187849382138              200  0.58235287666320801     
   1.0241962288745410              201  0.58235287666320801     
   1.0255636118919857              202  0.58235287666320801     
   1.0269210529169748              203  0.58235287666320801     
   1.0282686689426970              204  0.58235287666320801     
   1.0296065750689258              205  0.58235287666320801     
   1.0309348845408721              206  0.58235287666320801     
   1.0322537087870585              207  0.58235287666320801     
   1.0335631574562800              208  0.58235287666320801     
   1.0348633384536285              209  0.58235287666320801     
   1.0361543579756625              210  0.58235287666320801     
   1.0374363205447121              211  0.58235287666320801     
   1.0387093290423457              212  0.58235287666320801     
   1.0399734847420421              213  0.58235287666320801     
   1.0412288873410649              214  0.58235287666320801     
   1.0424756349915791              215  0.58235287666320801     
   1.0437138243310378              216  0.58235287666320801     
   1.0449435505118128              217  0.58235287666320801     
   1.0461649072301717              218  0.58235287666320801     
   1.0473779867545356              219  0.58235287666320801     
   1.0485828799530887              220  0.58235287666320801     
   1.0497796763207445              221  0.58235287666320801     
   1.0509684640054824              222  0.58235287666320801     
   1.0521493298340663              223  0.58235287666320801     
   1.0533223593371865              224  0.58235287666320801     
   1.0544876367740095              225  0.58235287666320801     
   1.0556452451561704              226  0.58235287666320801     
   1.0567952662712181              227  0.58235287666320801     
   1.0579377807055317              228  0.58235287666320801     
   1.0590728678667114              229  0.58235287666320801     
   1.0602006060054689              230  0.58235287666320801     
   1.0613210722370310              231  0.58235287666320801     
   1.0624343425620495              232  0.58235287666320801     
   1.0635404918870686              233  0.58235287666320801     
   1.0646395940445144              234  0.58235287666320801     
   1.0657317218122599              235  0.58235287666320801     
   1.0668169469327500              236  0.58235287666320801     
   1.0678953401317159              237  0.58235287666320801     
   1.0689669711364600              238  0.58235287666320801     
   1.0700319086937753              239  0.58235287666320801     
   1.0710902205874477              240  0.58235287666320801     
   1.0721419736553914              241  0.58235287666320801     
   1.0731872338064257              242  0.58235287666320801     
   1.0742260660366649              243  0.58235287666320801     
   1.0752585344455876              244  0.58235287666320801     
   1.0762847022517479              245  0.58235287666320801     
   1.0773046318081563              246  0.58235287666320801     
   1.0783183846173341              247  0.58235287666320801     
   1.0793260213460574              248  0.58235287666320801     
   1.0803276018397863              249  0.58235287666320801     
   1.0813231851367950              250  0.58235287666320801     
   1.0823128294820026              251  0.58235287666320801     
   1.0832965923405262              252  0.58235287666320801     
   1.0842745304109520              253  0.58235287666320801     
   1.0852466996383183              254  0.58235287666320801     
   1.0862131552268566              255  0.58235287666320801     
   1.0871739516524572              256  0.58235287666320801     
   1.0881291426748720              257  0.58235287666320801     
   1.0890787813497063              258  0.58235287666320801     
   1.0900229200401097              259  0.58235287666320801     
   1.0909616104282940              260  0.58235287666320801     
   1.0918949035267733              261  0.58235287666320801     
   1.0928228496894030              262  0.58235287666320801     
   1.0937454986221904              263  0.58235287666320801     
   1.0946628993938901              264  0.58235287666320801     
   1.0955751004463965              265  0.58235287666320801     
   1.0964821496049189              266  0.58235287666320801     
   1.0973840940879702              267  0.58235287666320801     
   1.0982809805171507              268  0.58235287666320801     
   1.0991728549267448              269  0.58235287666320801     
   1.1000597627731257              270  0.58235287666320801     
   1.1009417489439854              271  0.58235287666320801     
   1.1018188577673846              272  0.58235287666320801     
   1.1026911330206213              273  0.58235287666320801     
   1.1035586179389334              274  0.58235287666320801     
   1.1044213552240401              275  0.58235287666320801     
   1.1052793870525124              276  0.58235287666320801     
   1.1061327550839868              277  0.58235287666320801     
   1.1069815004692289              278  0.58235287666320801     
   1.1078256638580348              279  0.58235287666320801     
   1.1086652854069898              280  0.58235287666320801     
   1.1095004047870862              281  0.58235287666320801     
   1.1103310611911827              282  0.58235287666320801     
   1.1111572933413494              283  0.58235287666320801     
   1.1119791394960501              284  0.58235287666320801     
   1.1127966374572096              285  0.58235287666320801     
   1.1136098245771451              286  0.58235287666320801     
   1.1144187377653640              287  0.58235287666320801     
   1.1152234134952586              288  0.58235287666320801     
   1.1160238878106394              289  0.58235287666320801     
   1.1168201963321944              290  0.58235287666320801     
   1.1176123742637949              291  0.58235287666320801     
   1.1184004563987124              292  0.58235287666320801     
   1.1191844771257011              293  0.58235287666320801     
   1.1199644704349978              294  0.58235287666320801     
   1.1207404699241854              295  0.58235287666320801     
   1.1215125088039690              296  0.58235287666320801     
   1.1222806199038484              297  0.58235287666320801     
   1.1230448356776896              298  0.58235287666320801     
   1.1238051882091828              299  0.58235287666320801     
   1.1245617092172320              300  0.58235287666320801     
   1.1253144300612166              301  0.58235287666320801     
   1.1260633817461994              302  0.58235287666320801     
   1.1268085949279969              303  0.58235287666320801     
   1.1275500999182093              304  0.58235287666320801     
   1.1282879266891270              305  0.58235287666320801     
   1.1290221048785718              306  0.58235287666320801     
   1.1297526637946405              307  0.58235287666320801     
   1.1304796324203825              308  0.58235287666320801     
   1.1312030394183874              309  0.58235287666320801     
   1.1319229131352917              310  0.58235287666320801     
   1.1326392816062134              311  0.58235287666320801     
   1.1333521725591191              312  0.58235287666320801     
   1.1340616134190920              313  0.58235287666320801     
   1.1347676313125581              314  0.58235287666320801     
   1.1354702530714207              315  0.58235287666320801     
   1.1361695052371374              316  0.58235287666320801     
   1.1368654140647092              317  0.58235287666320801     
   1.1375580055266370              318  0.58235287666320801     
   1.1382473053167734              319  0.58235287666320801     
   1.1389333388541427              320  0.58235287666320801     
   1.1396161312866753              321  0.58235287666320801     
   1.1402957074948925              322  0.58235287666320801     
   1.1409720920955291              323  0.58235287666320801     
   1.1416453094450929              324  0.58235287666320801     
   1.1423153836433646              325  0.58235287666320801     
   1.1429823385368478              326  0.58235287666320801     
   1.1436461977221644              327  0.58235287666320801     
   1.1443069845493714              328  0.58235287666320801     
   1.1449647221252630              329  0.58235287666320801     
   1.1456194333165821              330  0.58235287666320801     
   1.1462711407532060              331  0.58235287666320801     
   1.1469198668312652              332  0.58235287666320801     
   1.1475656337162248              333  0.58235287666320801     
   1.1482084633459027              334  0.58235287666320801     
   1.1488483774334548              335  0.58235287666320801     
   1.1494853974702988              336  0.58235287666320801     
   1.1501195447290042              337  0.58235287666320801     
   1.1507508402661262              338  0.58235287666320801     
   1.1513793049250005              339  0.58235287666320801     
   1.1520049593385016              340  0.58235287666320801     
   1.1526278239317342              341  0.58235287666320801     
   1.1532479189247113              342  0.58235287666320801     
   1.1538652643349716              343  0.58235287666320801     
   1.1544798799801659              344  0.58235287666320801     
   1.1550917854805947              345  0.58235287666320801     
   1.1557010002617178              346  0.58235287666320801     
   1.1563075435566108              347  0.58235287666320801     
   1.1569114344084033              348  0.58235287666320801     
   1.1575126916726663              349  0.58235287666320801     
   1.1581113340197449              350  0.58235287666320801     
   1.1587073799371164              351  0.58235287666320801     
   1.1593008477316298              352  0.58235287666320801     
   1.1598917555317874              353  0.58235287666320801     
   1.1604801212899438              354  0.58235287666320801     
   1.1610659627844846              355  0.58235287666320801     
   1.1616492976219712              356  0.58235287666320801     
   1.1622301432392783              357  0.58235287666320801     
   1.1628085169056448              358  0.58235287666320801     
   1.1633844357247636              359  0.58235287666320801     
   1.1639579166367706              360  0.58235287666320801     
   1.1645289764202580              361  0.58235287666320801     
   1.1650976316942279              362  0.58235287666320801     
   1.1656638989200341              363  0.58235287666320801     
   1.1662277944032795              364  0.58235287666320801     
   1.1667893342956968              365  0.58235287666320801     
   1.1673485345970065              366  0.58235287666320801     
   1.1679054111567271              367  0.58235287666320801     
   1.1684599796759827              368  0.58235287666320801     
   1.1690122557092635              369  0.58235287666320801     
   1.1695622546661799              370  0.58235287666320801     
   1.1701099918131803              371  0.58235287666320801     
   1.1706554822752353              372  0.58235287666320801     
   1.1711987410375337              373  0.58235287666320801     
   1.1717397829470997              374  0.58235287666320801     
   1.1722786227144359              375  0.58235287666320801     
   1.1728152749151119              376  0.58235287666320801     
   1.1733497539913571              377  0.58235287666320801     
   1.1738820742535869              378  0.58235287666320801     
   1.1744122498819745              379  0.58235287666320801     
   1.1749402949279311              380  0.58235287666320801     
   1.1754662233156028              381  0.58235287666320801     
   1.1759900488433472              382  0.58235287666320801     
   1.1765117851851854              383  0.58235287666320801     
   1.1770314458922098              384  0.58235287666320801     
   1.1775490443940138              385  0.58235287666320801     
   1.1780645940000642              386  0.58235287666320801     
   1.1785781079010857              387  0.58235287666320801     
   1.1790895991704025              388  0.58235287666320801     
   1.1795990807652683              389  0.58235287666320801     
   1.1801065655281899              390  0.58235287666320801     
   1.1806120661882082              391  0.58235287666320801     
   1.1811155953621881              392  0.58235287666320801     
   1.1816171655560717              393  0.58235287666320801     
   1.1821167891661259              394  0.58235287666320801     
   1.1826144784801726              395  0.58235287666320801     
   1.1831102456787799              396  0.58235287666320801     
   1.1836041028364761              397  0.58235287666320801     
   1.1840960619229164              398  0.58235287666320801     
   1.1845861348040483              399  0.58235287666320801     
   1.1850743332432454              400  0.58235287666320801     
   1.1855606689024611              401  0.58235287666320801     
   1.1860451533433152              402  0.58235287666320801     
   1.1865277980282225              403  0.58235287666320801     
   1.1870086143214460              404  0.58235287666320801     
   1.1874876134902086              405  0.58235287666320801     
   1.1879648067057109              406  0.58235287666320801     
   1.1884402050441960              407  0.58235287666320801     
   1.1889138194879774              408  0.58235287666320801     
   1.1893856609264402              409  0.58235287666320801     
   1.1898557401570675              410  0.58235287666320801     
   1.1903240678864058              411  0.58235287666320801     
   1.1907906547310543              412  0.58235287666320801     
   1.1912555112186307              413  0.58235287666320801     
   1.1917186477887085              414  0.58235287666320801     
   1.1921800747937765              415  0.58235287666320801     
   1.1926398025001392              416  0.58235287666320801     
   1.1930978410888529              417  0.58235287666320801     
   1.1935542006566227              418  0.58235287666320801     
   1.1940088912166815              419  0.58235287666320801     
   1.1944619226996975              420  0.58235287666320801     
   1.1949133049546128              421  0.58235287666320801     
   1.1953630477495067              422  0.58235287666320801     
   1.1958111607724673              423  0.58235287666320801     
   1.1962576536323941              424  0.58235287666320801     
   1.1967025358598415              425  0.58235287666320801     
   1.1971458169078324              426  0.58235287666320801     
   1.1975875061526542              427  0.58235287666320801     
   1.1980276128946601              428  0.58235287666320801     
   1.1984661463590562              429  0.58235287666320801     
   1.1989031156966621              430  0.58235287666320801     
   1.1993385299846939              431  0.58235287666320801     
   1.1997723982275030              432  0.58235287666320801     
   1.2002047293573372              433  0.58235287666320801     
   1.2006355322350624              434  0.58235287666320801     
   1.2010648156508945              435  0.58235287666320801     
   1.2014925883251264              436  0.58235287666320801     
   1.2019188589088305              437  0.58235287666320801     
   1.2023436359845547              438  0.58235287666320801     
   1.2027669280670223              439  0.58235287666320801     
   1.2031887436038158              440  0.58235287666320801     
   1.2036090909760426              441  0.58235287666320801     
   1.2040279784990187              442  0.58235287666320801     
   1.2044454144229053              443  0.58235287666320801     
   1.2048614069333830              444  0.58235287666320801     
   1.2052759641522732              445  0.58235287666320801     
   1.2056890941381979              446  0.58235287666320801     
   1.2061008048871797              447  0.58235287666320801     
   1.2065111043332815              448  0.58235287666320801     
   1.2069200003492104              449  0.58235287666320801     
   1.2073275007469277              450  0.58235287666320801     
   1.2077336132782406              451  0.58235287666320801     
   1.2081383456354000              452  0.58235287666320801     
   1.2085417054516763              453  0.58235287666320801     
   1.2089437003019488              454  0.58235287666320801     
   1.2093443377032560              455  0.58235287666320801     
   1.2097436251153766              456  0.58235287666320801     
   1.2101415699413811              457  0.58235287666320801     
   1.2105381795281756              458  0.58235287666320801     
   1.2109334611670477              459  0.58235287666320801     
   1.2113274220942125              460  0.58235287666320801     
   1.2117200694913359              461  0.58235287666320801     
   1.2121114104860458              462  0.58235287666320801     
   1.2125014521524842              463  0.58235287666320801     
   1.2128902015117842              464  0.58235287666320801     
   1.2132776655326010              465  0.58235287666320801     
   1.2136638511315931              466  0.58235287666320801     
   1.2140487651739380              467  0.58235287666320801     
   1.2144324144738081              468  0.58235287666320801     
   1.2148148057948491              469  0.58235287666320801     
   1.2151959458506665              470  0.58235287666320801     
   1.2155758413053057              471  0.58235287666320801     
   1.2159544987736981              472  0.58235287666320801     
   1.2163319248221367              473  0.58235287666320801     
   1.2167081259687371              474  0.58235287666320801     
   1.2170831086838707              475  0.58235287666320801     
   1.2174568793906286              476  0.58235287666320801     
   1.2178294444652518              477  0.58235287666320801     
   1.2182008102375679              478  0.58235287666320801     
   1.2185709829914315              479  0.58235287666320801     
   1.2189399689651341              480  0.58235287666320801     
   1.2193077743518441              481  0.58235287666320801     
   1.2196744053000041              482  0.58235287666320801     
   1.2200398679137592              483  0.58235287666320801     
   1.2204041682533557              484  0.58235287666320801     
   1.2207673123355423              485  0.58235287666320801     
   1.2211293061339810              486  0.58235287666320801     
   1.2214901555796196              487  0.58235287666320801     
   1.2218498665611022              488  0.58235287666320801     
   1.2222084449251407              489  0.58235287666320801     
   1.2225658964769008              490  0.58235287666320801     
   1.2229222269803808              491  0.58235287666320801     
   1.2232774421587780              492  0.58235287666320801     
   1.2236315476948620              493  0.58235287666320801     
   1.2239845492313397              494  0.58235287666320801     
   1.2243364523712086              495  0.58235287666320801     
   1.2246872626781227              496  0.58235287666320801     
   1.2250369856767431              497  0.58235287666320801     
   1.2253856268530723              498  0.58235287666320801     
   1.2257331916548311              499  0.58235287666320801     
   1.2260796854917513              500  0.58235287666320801     
   1.2264251137359723              501  0.58235287666320801     
   1.2267694817223236              502  0.58235287666320801     
   1.2271127947486875              503  0.58235287666320801     
   1.2274550580763033              504  0.58235287666320801     
   1.2277962769301087              505  0.58235287666320801     
   1.2281364564990545              506  0.58235287666320801     
   1.2284756019364083              507  0.58235287666320801     
   1.2288137183600885              508  0.58235287666320801     
   1.2291508108529539              509  0.58235287666320801     
   1.2294868844631250              510  0.58235287666320801     
   1.2298219442042806              511  0.58235287666320801     
   1.2301559950559557              512  0.58235287666320801     
   1.2304890419638437              513  0.58235287666320801     
   1.2308210898400844              514  0.58235287666320801     
   1.2311521435635580              515  0.58235287666320801     
   1.2314822079801693              516  0.58235287666320801     
   1.2318112879031382              517  0.58235287666320801     
   1.2321393881132725              518  0.58235287666320801     
   1.2324665133592549              519  0.58235287666320801     
   1.2327926683579120              520  0.58235287666320801     
   1.2331178577944888              521  0.58235287666320801     
   1.2334420863229221              522  0.58235287666320801     
   1.2337653585660999              523  0.58235287666320801     
   1.2340876791161377              524  0.58235287666320801     
   1.2344090525346250              525  0.58235287666320801     
   1.2347294833528952              526  0.58235287666320801     
   1.2350489760722814              527  0.58235287666320801     
   1.2353675351643596              528  0.58235287666320801     
   1.2356851650712102              529  0.58235287666320801     
   1.2360018702056679              530  0.58235287666320801     
   1.2363176549515535              531  0.58235287666320801     
   1.2366325236639357              532  0.58235287666320801     
   1.2369464806693529              533  0.58235287666320801     
   1.2372595302660696              534  0.58235287666320801     
   1.2375716767243012              535  0.58235287666320801     
   1.2378829242864438              536  0.58235287666320801     
   1.2381932771673190              537  0.58235287666320801     
   1.2385027395543986              538  0.58235287666320801     
   1.2388113156080216              539  0.58235287666320801     
   1.2391190094616220              540  0.58235287666320801     
   1.2394258252219634              541  0.58235287666320801     
   1.2397317669693444              542  0.58235287666320801     
   1.2400368387578169              543  0.58235287666320801     
   1.2403410446154117              544  0.58235287666320801     
   1.2406443885443423              545  0.58235287666320801     
   1.2409468745212198              546  0.58235287666320801     
   1.2412485064972638              547  0.58235287666320801     
   1.2415492883985042              548  0.58235287666320801     
   1.2418492241259882              549  0.58235287666320801     
   1.2421483175559864              550  0.58235287666320801     
   1.2424465725401890              551  0.58235287666320801     
   1.2427439929059099              552  0.58235287666320801     
   1.2430405824562782              553  0.58235287666320801     
   1.2433363449704329              554  0.58235287666320801     
   1.2436312842037289              555  0.58235287666320801     
   1.2439254038879011              556  0.58235287666320801     
   1.2442187077312912              557  0.58235287666320801     
   1.2445111994189950              558  0.58235287666320801     
   1.2448028826130806              559  0.58235287666320801     
   1.2450937609527546              560  0.58235287666320801     
   1.2453838380545506              561  0.58235287666320801     
   1.2456731175125082              562  0.58235287666320801     
   1.2459616028983451              563  0.58235287666320801     
   1.2462492977616511              564  0.58235287666320801     
   1.2465362056300431              565  0.58235287666320801     
   1.2468223300093504              566  0.58235287666320801     
   1.2471076743837872              567  0.58235287666320801     
   1.2473922422161139              568  0.58235287666320801     
   1.2476760369478122              569  0.58235287666320801     
   1.2479590619992571              570  0.58235287666320801     
   1.2482413207698684              571  0.58235287666320801     
   1.2485228166382842              572  0.58235287666320801     
   1.2488035529625223              573  0.58235287666320801     
   1.2490835330801420              574  0.58235287666320801     
   1.2493627603083923              575  0.58235287666320801     
   1.2496412379443878              576  0.58235287666320801     
   1.2499189692652501              577  0.58235287666320801     
   1.2501959575282664              578  0.58235287666320801     
   1.2504722059710454              579  0.58235287666320801     
   1.2507477178116673              580  0.58235287666320801     
   1.2510224962488363              581  0.58235287666320801     
   1.2512965444620228              582  0.58235287666320801     
   1.2515698656116221              583  0.58235287666320801     
   1.2518424628390847              584  0.58235287666320801     
   1.2521143392670804              585  0.58235287666320801     
   1.2523854979996265              586  0.58235287666320801     
   1.2526559421222361              587  0.58235287666320801     
   1.2529256747020601              588  0.58235287666320801     
   1.2531946987880207              589  0.58235287666320801     
   1.2534630174109571              590  0.58235287666320801     
   1.2537306335837595              591  0.58235287666320801     
   1.2539975503015051              592  0.58235287666320801     
   1.2542637705415849              593  0.58235287666320801     
   1.2545292972638500              594  0.58235287666320801     
   1.2547941334107393              595  0.58235287666320801     
   1.2550582819074021              596  0.58235287666320801     
   1.2553217456618433              597  0.58235287666320801     
   1.2555845275650288              598  0.58235287666320801     
   1.2558466304910354              599  0.58235287666320801     
   1.2561080572971708              600  0.58235287666320801     
   1.2563688108240889              601  0.58235287666320801     
   1.2566288938959245              602  0.58235287666320801     
   1.2568883093204093              603  0.58235287666320801     
   1.2571470598889938              604  0.58235287666320801     
   1.2574051483769824              605  0.58235287666320801     
   1.2576625775436239              606  0.58235287666320801     
   1.2579193501322554              607  0.58235287666320801     
   1.2581754688704132              608  0.58235287666320801     
   1.2584309364699382              609  0.58235287666320801     
   1.2586857556271041              610  0.58235287666320801     
   1.2589399290227299              611  0.58235287666320801     
   1.2591934593222804              612  0.58235287666320801     
   1.2594463491759957              613  0.58235287666320801     
   1.2596986012189919              614  0.58235287666320801     
   1.2599502180713773              615  0.58235287666320801     
   1.2602012023383506              616  0.58235287666320801     
   1.2604515566103205              617  0.58235287666320801     
   1.2607012834630134              618  0.58235287666320801     
   1.2609503854575668              619  0.58235287666320801     
   1.2611988651406523              620  0.58235287666320801     
   1.2614467250445582              621  0.58235287666320801     
   1.2616939676873205              622  0.58235287666320801     
   1.2619405955728025              623  0.58235287666320801     
   1.2621866111908022              624  0.58235287666320801     
   1.2624320170171641              625  0.58235287666320801     
   1.2626768155138648              626  0.58235287666320801     
   1.2629210091291170              627  0.58235287666320801     
   1.2631646002974766              628  0.58235287666320801     
   1.2634075914399225              629  0.58235287666320801     
   1.2636499849639660              630  0.58235287666320801     
   1.2638917832637495              631  0.58235287666320801     
   1.2641329887201287              632  0.58235287666320801     
   1.2643736037007751              633  0.58235287666320801     
   1.2646136305602613              634  0.58235287666320801     
   1.2648530716401727              635  0.58235287666320801     
   1.2650919292691742              636  0.58235287666320801     
   1.2653302057631199              637  0.58235287666320801     
   1.2655679034251339              638  0.58235287666320801     
   1.2658050245456931              639  0.58235287666320801     
   1.2660415714027409              640  0.58235287666320801     
   1.2662775462617495              641  0.58235287666320801     
   1.2665129513758107              642  0.58235287666320801     
   1.2667477889857379              643  0.58235287666320801     
   1.2669820613201315              644  0.58235287666320801     
   1.2672157705954823              645  0.58235287666320801     
   1.2674489190162432              646  0.58235287666320801     
   1.2676815087749116              647  0.58235287666320801     
   1.2679135420521273              648  0.58235287666320801     
   1.2681450210167271              649  0.58235287666320801     
   1.2683759478258705              650  0.58235287666320801     
   1.2686063246250578              651  0.58235287666320801     
   1.2688361535482786              652  0.58235287666320801     
   1.2690654367180298              653  0.58235287666320801     
   1.2692941762454466              654  0.58235287666320801     
   1.2695223742303343              655  0.58235287666320801     
   1.2697500327612818              656  0.58235287666320801     
   1.2699771539157152              657  0.58235287666320801     
   1.2702037397599899              658  0.58235287666320801     
   1.2704297923494530              659  0.58235287666320801     
   1.2706553137285310              660  0.58235287666320801     
   1.2708803059307872              661  0.58235287666320801     
   1.2711047709790073              662  0.58235287666320801     
   1.2713287108852742              663  0.58235287666320801     
   1.2715521276510324              664  0.58235287666320801     
   1.2717750232671710              665  0.58235287666320801     
   1.2719973997140661              666  0.58235287666320801     
   1.2722192589617014              667  0.58235287666320801     
   1.2724406029696884              668  0.58235287666320801     
   1.2726614336873632              669  0.58235287666320801     
   1.2728817530538528              670  0.58235287666320801     
   1.2731015629981333              671  0.58235287666320801     
   1.2733208654391110              672  0.58235287666320801     
   1.2735396622856683              673  0.58235287666320801     
   1.2737579554367682              674  0.58235287666320801     
   1.2739757467814721              675  0.58235287666320801     
   1.2741930381990509              676  0.58235287666320801     
   1.2744098315590189              677  0.58235287666320801     
   1.2746261287212051              678  0.58235287666320801     
   1.2748419315358293              679  0.58235287666320801     
   1.2750572418435491              680  0.58235287666320801     
   1.2752720614755457              681  0.58235287666320801     
   1.2754863922535522              682  0.58235287666320801     
   1.2757002359899499              683  0.58235287666320801     
   1.2759135944878102              684  0.58235287666320801     
   1.2761264695409589              685  0.58235287666320801     
   1.2763388629340395              686  0.58235287666320801     
   1.2765507764425699              687  0.58235287666320801     
   1.2767622118330160              688  0.58235287666320801     
   1.2769731708628127              689  0.58235287666320801     
   1.2771836552804801              690  0.58235287666320801     
   1.2773936668256245              691  0.58235287666320801     
   1.2776032072290338              692  0.58235287666320801     
   1.2778122782127304              693  0.58235287666320801     
   1.2780208814900051              694  0.58235287666320801     
   1.2782290187654892              695  0.58235287666320801     
   1.2784366917352230              696  0.58235287666320801     
   1.2786439020866864              697  0.58235287666320801     
   1.2788506514988727              698  0.58235287666320801     
   1.2790569416423339              699  0.58235287666320801     
   1.2792627741792277              700  0.58235287666320801     
   1.2794681507634007              701  0.58235287666320801     
   1.2796730730404042              702  0.58235287666320801     
   1.2798775426475681              703  0.58235287666320801     
   1.2800815612140628              704  0.58235287666320801     
   1.2802851303609166              705  0.58235287666320801     
   1.2804882517011063              706  0.58235287666320801     
   1.2806909268395772              707  0.58235287666320801     
   1.2808931573733324              708  0.58235287666320801     
   1.2810949448914282              709  0.58235287666320801     
   1.2812962909750776              710  0.58235287666320801     
   1.2814971971976672              711  0.58235287666320801     
   1.2816976651248202              712  0.58235287666320801     
   1.2818976963144377              713  0.58235287666320801     
   1.2820972923167622              714  0.58235287666320801     
   1.2822964546744011              715  0.58235287666320801     
   1.2824951849224011              716  0.58235287666320801     
   1.2826934845882687              717  0.58235287666320801     
   1.2828913551920458              718  0.58235287666320801     
   1.2830887982463377              719  0.58235287666320801     
   1.2832858152563651              720  0.58235287666320801     
   1.2834824077200035              721  0.58235287666320801     
   1.2836785771278405              722  0.58235287666320801     
   1.2838743249632203              723  0.58235287666320801     
   1.2840696527022646              724  0.58235287666320801     
   1.2842645618139610              725  0.58235287666320801     
   1.2844590537601654              726  0.58235287666320801     
   1.2846531299956718              727  0.58235287666320801     
   1.2848467919682411              728  0.58235287666320801     
   1.2850400411186595              729  0.58235287666320801     
   1.2852328788807628              730  0.58235287666320801     
   1.2854253066814993              731  0.58235287666320801     
   1.2856173259409522              732  0.58235287666320801     
   1.2858089380724032              733  0.58235287666320801     
   1.2860001444823468              734  0.58235287666320801     
   1.2861909465705668              735  0.58235287666320801     
   1.2863813457301416              736  0.58235287666320801     
   1.2865713433475103              737  0.58235287666320801     
   1.2867609408025005              738  0.58235287666320801     
   1.2869501394683782              739  0.58235287666320801     
   1.2871389407118690              740  0.58235287666320801     
   1.2873273458932306              741  0.58235287666320801     
   1.2875153563662562              742  0.58235287666320801     
   1.2877029734783361              743  0.58235287666320801     
   1.2878901985704869              744  0.58235287666320801     
   1.2880770329774007              745  0.58235287666320801     
   1.2882634780274602              746  0.58235287666320801     
   1.2884495350428038              747  0.58235287666320801     
   1.2886352053393593              748  0.58235287666320801     
   1.2888204902268550              749  0.58235287666320801     
   1.2890053910088817              750  0.58235287666320801     
   1.2891899089829326              751  0.58235287666320801     
   1.2893740454404157              752  0.58235287666320801     
   1.2895578016667153              753  0.58235287666320801     
   1.2897411789412125              754  0.58235287666320801     
   1.2899241785373246              755  0.58235287666320801     
   1.2901068017225505              756  0.58235287666320801     
   1.2902890497584814              757  0.58235287666320801     
   1.2904709239008711              758  0.58235287666320801     
   1.2906524253996345              759  0.58235287666320801     
   1.2908335554989092              760  0.58235287666320801     
   1.2910143154370690              761  0.58235287666320801     
   1.2911947064467824              762  0.58235287666320801     
   1.2913747297550198              763  0.58235287666320801     
   1.2915543865831078              764  0.58235287666320801     
   1.2917336781467419              765  0.58235287666320801     
   1.2919126056560490              766  0.58235287666320801     
   1.2920911703155904              767  0.58235287666320801     
   1.2922693733244131              768  0.58235287666320801     
   1.2924472158760627              769  0.58235287666320801     
   1.2926246991586479              770  0.58235287666320801     
   1.2928018243548463              771  0.58235287666320801     
   1.2929785926419266              772  0.58235287666320801     
   1.2931550051918246              773  0.58235287666320801     
   1.2933310631711228              774  0.58235287666320801     
   1.2935067677411123              775  0.58235287666320801     
   1.2936821200578186              776  0.58235287666320801     
   1.2938571212720285              777  0.58235287666320801     
   1.2940317725293151              778  0.58235287666320801     
   1.2942060749700790              779  0.58235287666320801     
   1.2943800297295747              780  0.58235287666320801     
   1.2945536379379350              781  0.58235287666320801     
   1.2947269007202065              782  0.58235287666320801     
   1.2948998191963799              783  0.58235287666320801     
   1.2950723944813987              784  0.58235287666320801     
   1.2952446276852316              785  0.58235287666320801     
   1.2954165199128513              786  0.58235287666320801     
   1.2955880722643036              787  0.58235287666320801     
   1.2957592858347087              788  0.58235287666320801     
   1.2959301617143000              789  0.58235287666320801     
   1.2961007009884504              790  0.58235287666320801     
   1.2962709047377021              791  0.58235287666320801     
   1.2964407740377930              792  0.58235287666320801     
   1.2966103099596864              793  0.58235287666320801     
   1.2967795135695899              794  0.58235287666320801     
   1.2969483859289805              795  0.58235287666320801     
   1.2971169280946597              796  0.58235287666320801     
   1.2972851411187356              797  0.58235287666320801     
   1.2974530260486856              798  0.58235287666320801     
   1.2976205839273698              799  0.58235287666320801     
   1.2977878157930502              800  0.58235287666320801     
   1.2979547226794304              801  0.58235287666320801     
   1.2981213056156629              802  0.58235287666320801     
   1.2982875656263946              803  0.58235287666320801     
   1.2984535037317779              804  0.58235287666320801     
   1.2986191209475084              805  0.58235287666320801     
   1.2987844182848269              806  0.58235287666320801     
   1.2989493967505836              807  0.58235287666320801     
   1.2991140573472113              808  0.58235287666320801     
   1.2992784010727965              809  0.58235287666320801     
   1.2994424289210789              810  0.58235287666320801     
   1.2996061418814802              811  0.58235287666320801     
   1.2997695409391246              812  0.58235287666320801     
   1.2999326270748752              813  0.58235287666320801     
   1.3000954012653481              814  0.58235287666320801     
   1.3002578644829312              815  0.58235287666320801     
   1.3004200176958187              816  0.58235287666320801     
   1.3005818618680238              817  0.58235287666320801     
   1.3007433979594156              818  0.58235287666320801     
   1.3009046269257221              819  0.58235287666320801     
   1.3010655497185732              820  0.58235287666320801     
   1.3012261672855103              821  0.58235287666320801     
   1.3013864805700113              822  0.58235287666320801     
   1.3015464905115179              823  0.58235287666320801     
   1.3017061980454481              824  0.58235287666320801     
   1.3018656041032302              825  0.58235287666320801     
   1.3020247096123156              826  0.58235287666320801     
   1.3021835154961987              827  0.58235287666320801     
   1.3023420226744549              828  0.58235287666320801     
   1.3025002320627281              829  0.58235287666320801     
   1.3026581445728040              830  0.58235287666320801     
   1.3028157611125739              831  0.58235287666320801     
   1.3029730825860935              832  0.58235287666320801     
   1.3031301098936008              833  0.58235287666320801     
   1.3032868439315111              834  0.58235287666320801     
   1.3034432855924738              835  0.58235287666320801     
   1.3035994357653606              836  0.58235287666320801     
   1.3037552953353035              837  0.58235287666320801     
   1.3039108651837190              838  0.58235287666320801     
   1.3040661461883061              839  0.58235287666320801     
   1.3042211392230900              840  0.58235287666320801     
   1.3043758451584300              841  0.58235287666320801     
   1.3045302648610353              842  0.58235287666320801     
   1.3046843991940049              843  0.58235287666320801     
   1.3048382490168136              844  0.58235287666320801     
   1.3049918151853663              845  0.58235287666320801     
   1.3051450985519883              846  0.58235287666320801     
   1.3052980999654671              847  0.58235287666320801     
   1.3054508202710504              848  0.58235287666320801     
   1.3056032603104888              849  0.58235287666320801     
   1.3057554209220239              850  0.58235287666320801     
   1.3059073029404409              851  0.58235287666320801     
   1.3060589071970605              852  0.58235287666320801     
   1.3062102345197715              853  0.58235287666320801     
   1.3063612857330376              854  0.58235287666320801     
   1.3065120616579282              855  0.58235287666320801     
   1.3066625631121278              856  0.58235287666320801     
   1.3068127909099543              857  0.58235287666320801     
   1.3069627458623798              858  0.58235287666320801     
   1.3071124287770544              859  0.58235287666320801     
   1.3072618404583038              860  0.58235287666320801     
   1.3074109817071604              861  0.58235287666320801     
   1.3075598533213921              862  0.58235287666320801     
   1.3077084560954890              863  0.58235287666320801     
   1.3078567908207159              864  0.58235287666320801     
   1.3080048582850907              865  0.58235287666320801     
   1.3081526592734418              866  0.58235287666320801     
   1.3083001945673882              867  0.58235287666320801     
   1.3084474649453861              868  0.58235287666320801     
   1.3085944711827249              869  0.58235287666320801     
   1.3087412140515504              870  0.58235287666320801     
   1.3088876943208758              871  0.58235287666320801     
   1.3090339127566195              872  0.58235287666320801     
   1.3091798701215926              873  0.58235287666320801     
   1.3093255671755279              874  0.58235287666320801     
   1.3094710046750946              875  0.58235287666320801     
   1.3096161833739233              876  0.58235287666320801     
   1.3097611040226029              877  0.58235287666320801     
   1.3099057673687167              878  0.58235287666320801     
   1.3100501741568331              879  0.58235287666320801     
   1.3101943251285457              880  0.58235287666320801     
   1.3103382210224785              881  0.58235287666320801     
   1.3104818625742962              882  0.58235287666320801     
   1.3106252505167251              883  0.58235287666320801     
   1.3107683855795660              884  0.58235287666320801     
   1.3109112684897208              885  0.58235287666320801     
   1.3110538999711809              886  0.58235287666320801     
   1.3111962807450619              887  0.58235287666320801     
   1.3113384115296221              888  0.58235287666320801     
   1.3114802930402598              889  0.58235287666320801     
   1.3116219259895452              890  0.58235287666320801     
   1.3117633110872091              891  0.58235287666320801     
   1.3119044490402014              892  0.58235287666320801     
   1.3120453405526598              893  0.58235287666320801     
   1.3121859863259377              894  0.58235287666320801     
   1.3123263870586419              895  0.58235287666320801     
   1.3124665434466152              896  0.58235287666320801     
   1.3126064561829600              897  0.58235287666320801     
   1.3127461259580662              898  0.58235287666320801     
   1.3128855534596051              899  0.58235287666320801     
   1.3130247393725485              900  0.58235287666320801     
   1.3131636843791941              901  0.58235287666320801     
   1.3133023891591693              902  0.58235287666320801     
   1.3134408543894305              903  0.58235287666320801     
   1.3135790807443095              904  0.58235287666320801     
   1.3137170688954996              905  0.58235287666320801     
   1.3138548195120767              906  0.58235287666320801     
   1.3139923332605132              907  0.58235287666320801     
   1.3141296108046936              908  0.58235287666320801     
   1.3142666528059181              909  0.58235287666320801     
   1.3144034599229286              910  0.58235287666320801     
   1.3145400328119143              911  0.58235287666320801     
   1.3146763721265167              912  0.58235287666320801     
   1.3148124785178577              913  0.58235287666320801     
   1.3149483526345445              914  0.58235287666320801     
   1.3150839951226736              915  0.58235287666320801     
   1.3152194066258607              916  0.58235287666320801     
   1.3153545877852399              917  0.58235287666320801     
   1.3154895392394752              918  0.58235287666320801     
   1.3156242616247906              919  0.58235287666320801     
   1.3157587555749501              920  0.58235287666320801     
   1.3158930217213047              921  0.58235287666320801     
   1.3160270606927795              922  0.58235287666320801     
   1.3161608731158905              923  0.58235287666320801     
   1.3162944596147683              924  0.58235287666320801     
   1.3164278208111557              925  0.58235287666320801     
   1.3165609573244257              926  0.58235287666320801     
   1.3166938697715953              927  0.58235287666320801     
   1.3168265587673265              928  0.58235287666320801     
   1.3169590249239520              929  0.58235287666320801     
   1.3170912688514789              930  0.58235287666320801     
   1.3172232911575941              931  0.58235287666320801     
   1.3173550924476907              932  0.58235287666320801     
   1.3174866733248638              933  0.58235287666320801     
   1.3176180343899373              934  0.58235287666320801     
   1.3177491762414533              935  0.58235287666320801     
   1.3178800994757036              936  0.58235287666320801     
   1.3180108046867280              937  0.58235287666320801     
   1.3181412924663378              938  0.58235287666320801     
   1.3182715634041131              939  0.58235287666320801     
   1.3184016180874152              940  0.58235287666320801     
   1.3185314571014042              941  0.58235287666320801     
   1.3186610810290509              942  0.58235287666320801     
   1.3187904904511405              943  0.58235287666320801     
   1.3189196859462751              944  0.58235287666320801     
   1.3190486680909137              945  0.58235287666320801     
   1.3191774374593432              946  0.58235287666320801     
   1.3193059946237251              947  0.58235287666320801     
   1.3194343401540705              948  0.58235287666320801     
   1.3195624746182906              949  0.58235287666320801     
   1.3196903985821666              950  0.58235287666320801     
   1.3198181126093917              951  0.58235287666320801     
   1.3199456172615593              952  0.58235287666320801     
   1.3200729130981834              953  0.58235287666320801     
   1.3202000006767061              954  0.58235287666320801     
   1.3203268805525110              955  0.58235287666320801     
   1.3204535532789210              956  0.58235287666320801     
   1.3205800194072272              957  0.58235287666320801     
   1.3207062794866760              958  0.58235287666320801     
   1.3208323340645045              959  0.58235287666320801     
   1.3209581836859272              960  0.58235287666320801     
   1.3210838288941520              961  0.58235287666320801     
   1.3212092702303975              962  0.58235287666320801     
   1.3213345082338950              963  0.58235287666320801     
   1.3214595434418994              964  0.58235287666320801     
   1.3215843763896946              965  0.58235287666320801     
   1.3217090076106228              966  0.58235287666320801     
   1.3218334376360463              967  0.58235287666320801     
   1.3219576669954236              968  0.58235287666320801     
   1.3220816962162638              969  0.58235287666320801     
   1.3222055258241487              970  0.58235287666320801     
   1.3223291563427619              971  0.58235287666320801     
   1.3224525882938758              972  0.58235287666320801     
   1.3225758221973689              973  0.58235287666320801     
   1.3226988585712365              974  0.58235287666320801     
   1.3228216979315901              975  0.58235287666320801     
   1.3229443407926824              976  0.58235287666320801     
   1.3230667876668938              977  0.58235287666320801     
   1.3231890390647632              978  0.58235287666320801     
   1.3233110954949836              979  0.58235287666320801     
   1.3234329574644137              980  0.58235287666320801     
   1.3235546254780899              981  0.58235287666320801     
   1.3236761000392192              982  0.58235287666320801     
   1.3237973816492159              983  0.58235287666320801     
   1.3239184708076834              984  0.58235287666320801     
   1.3240393680124269              985  0.58235287666320801     
   1.3241600737594859              986  0.58235287666320801     
   1.3242805885431073              987  0.58235287666320801     
   1.3244009128557748              988  0.58235287666320801     
   1.3245210471882167              989  0.58235287666320801     
   1.3246409920294047              990  0.58235287666320801     
   1.3247607478665642              991  0.58235287666320801     
   1.3248803151851931              992  0.58235287666320801     
   1.3249996944690510              993  0.58235287666320801     
   1.3251188862001857              994  0.58235287666320801     
   1.3252378908589266              995  0.58235287666320801     
   1.3253567089239040              996  0.58235287666320801     
   1.3254753408720481              997  0.58235287666320801     
   1.3255937871785985              998  0.58235287666320801     
   1.3257120483171203              999  0.58235287666320801     
   1.3258301247594946             1000  0.58235287666320801     
